   7.7230047e-02   2.4498886e-02
   7.4260118e-02   2.6484346e-02
   7.0944016e-02   2.9043086e-02
   6.7613431e-02   3.1641849e-02
   6.3016540e-02   3.4797048e-02
   5.7594866e-02   3.8058183e-02
   5.2267413e-02   4.1279433e-02
   4.7723069e-02   4.4063589e-02
   4.3428943e-02   4.6738914e-02
   3.9182923e-02   4.9374877e-02
   3.5049868e-02   5.1937299e-02
   3.1035186e-02   5.4363653e-02
   2.7083857e-02   5.6685746e-02
   2.3056113e-02   5.8957748e-02
   1.9097661e-02   6.1160056e-02
   1.5417566e-02   6.3088728e-02
   1.2174123e-02   6.4791288e-02
   9.1310378e-03   6.6287532e-02
   6.2726788e-03   6.7563954e-02
   3.5716777e-03   6.8525210e-02
   7.8807732e-04   6.9253807e-02
  -2.0639185e-03   6.9792927e-02
  -4.9259399e-03   7.0031419e-02
  -7.6802322e-03   7.0079644e-02
  -1.0375988e-02   6.9977818e-02
  -1.3040871e-02   6.9638477e-02
  -1.5673378e-02   6.9160249e-02
  -1.8243008e-02   6.8440041e-02
  -2.0651534e-02   6.7409825e-02
  -2.3062886e-02   6.6104679e-02
  -2.5449493e-02   6.4617798e-02
  -2.7865175e-02   6.2893392e-02
  -3.0265950e-02   6.0875408e-02
  -3.2609759e-02   5.8635414e-02
  -3.4974900e-02   5.6173573e-02
  -3.7299976e-02   5.3560867e-02
  -3.9540252e-02   5.0760764e-02
  -4.1655279e-02   4.8004852e-02
  -4.3730266e-02   4.5131353e-02
  -4.5863261e-02   4.2155816e-02
  -4.7999841e-02   3.9230792e-02
  -5.0101118e-02   3.6309435e-02
  -5.2128625e-02   3.3455254e-02
  -5.4104351e-02   3.0682250e-02
  -5.5917987e-02   2.8012936e-02
  -5.7652219e-02   2.5450422e-02
  -5.9283199e-02   2.2984573e-02
  -6.0774903e-02   2.0763054e-02
  -6.2149398e-02   1.8642382e-02
  -6.3331426e-02   1.6701807e-02
  -6.4337751e-02   1.4942718e-02
  -6.5236651e-02   1.3407779e-02
  -6.5979657e-02   1.1915100e-02
  -6.6473104e-02   1.0538778e-02
  -6.6635376e-02   9.1714678e-03
  -6.6407535e-02   7.6955145e-03
  -6.5731404e-02   6.1293070e-03
  -6.4694107e-02   4.4576805e-03
  -6.3308290e-02   2.7368711e-03
  -6.1492748e-02   9.0221330e-04
  -5.9272823e-02  -1.0690122e-03
  -5.6641670e-02  -3.1571263e-03
  -5.3628013e-02  -5.3794505e-03
  -5.0209097e-02  -7.6091836e-03
  -4.6493883e-02  -9.8947439e-03
  -4.2306735e-02  -1.2371835e-02
  -3.7703432e-02  -1.5000203e-02
  -3.2796565e-02  -1.7776097e-02
  -2.7856224e-02  -2.0563910e-02
  -2.2968240e-02  -2.3270712e-02
  -1.8187336e-02  -2.5942015e-02
  -1.3644424e-02  -2.8608251e-02
  -9.3517587e-03  -3.1280061e-02
  -5.3000855e-03  -3.4136409e-02
  -1.6351057e-03  -3.7085011e-02
   1.5780884e-03  -4.0019681e-02
   4.3276182e-03  -4.2940936e-02
   6.6679522e-03  -4.5886938e-02
   8.5555958e-03  -4.8923353e-02
   1.0027007e-02  -5.2007251e-02
   1.0858395e-02  -5.4913701e-02
   1.0955093e-02  -5.7739137e-02
   1.0198158e-02  -6.0603787e-02
   8.9179420e-03  -6.3563060e-02
   7.1748947e-03  -6.6603365e-02
   4.9020497e-03  -6.9652882e-02
   2.1084455e-03  -7.2656741e-02
  -1.0698027e-03  -7.5603153e-02
  -4.5827774e-03  -7.8249630e-02
  -8.3878480e-03  -8.0701677e-02
  -1.2226321e-02  -8.3022981e-02
  -1.6050349e-02  -8.5165810e-02
  -1.9872378e-02  -8.7101683e-02
  -2.4401395e-02  -8.9349536e-02
  -2.9321484e-02  -9.1671727e-02
  -3.3737005e-02  -9.3592197e-02
  -3.7831786e-02  -9.5066557e-02
  -4.1193106e-02  -9.5990629e-02
  -4.3202475e-02  -9.6598659e-02
  -4.4366197e-02  -9.6659243e-02
   8.5680751e-02   4.6770601e-02
   8.2471662e-02   4.9203940e-02
   7.9722940e-02   5.1018680e-02
   7.6076681e-02   5.2351125e-02
   6.9220256e-02   5.5459937e-02
   6.3287016e-02   5.8265167e-02
   5.7764602e-02   6.0751671e-02
   5.2027545e-02   6.3180486e-02
   4.6542042e-02   6.5719601e-02
   4.0703497e-02   6.8518793e-02
   3.4742042e-02   7.1402148e-02
   2.8752516e-02   7.4293113e-02
   2.2936218e-02   7.7100198e-02
   1.7338570e-02   7.9714667e-02
   1.2013947e-02   8.2048252e-02
   7.5572731e-03   8.3783838e-02
   3.7038363e-03   8.5119890e-02
  -2.9831380e-05   8.6179258e-02
  -3.7709698e-03   8.7073059e-02
  -7.3146467e-03   8.7650994e-02
  -1.0466886e-02   8.7824408e-02
  -1.3341295e-02   8.7543176e-02
  -1.6152441e-02   8.6682941e-02
  -1.8463621e-02   8.5350083e-02
  -2.0339234e-02   8.3475152e-02
  -2.1908086e-02   8.1024024e-02
  -2.3441278e-02   7.8290353e-02
  -2.5050660e-02   7.5484372e-02
  -2.6658073e-02   7.2619686e-02
  -2.8369504e-02   6.9781685e-02
  -3.0090364e-02   6.6919059e-02
  -3.1896104e-02   6.3944822e-02
  -3.3721985e-02   6.0938562e-02
  -3.5572351e-02   5.7849982e-02
  -3.7404561e-02   5.4833802e-02
  -3.9149402e-02   5.1979872e-02
  -4.0843401e-02   4.9328229e-02
  -4.2362671e-02   4.7043771e-02
  -4.3856116e-02   4.4833740e-02
  -4.5335240e-02   4.2725085e-02
  -4.6712151e-02   4.0747647e-02
  -4.8072075e-02   3.8832739e-02
  -4.9323226e-02   3.6960291e-02
  -5.0475552e-02   3.5090819e-02
  -5.1425639e-02   3.3226371e-02
  -5.2201117e-02   3.1449421e-02
  -5.2679416e-02   2.9784941e-02
  -5.2979135e-02   2.8241035e-02
  -5.3091838e-02   2.6867094e-02
  -5.2932105e-02   2.5524863e-02
  -5.2559546e-02   2.4144226e-02
  -5.1956244e-02   2.2810835e-02
  -5.1169409e-02   2.1552854e-02
  -5.0193739e-02   2.0302566e-02
  -4.8968532e-02   1.9008420e-02
  -4.7515153e-02   1.7726126e-02
  -4.5838997e-02   1.6513348e-02
  -4.3932938e-02   1.5260799e-02
  -4.1737677e-02   1.4084603e-02
  -3.9213975e-02   1.2787954e-02
  -3.6423764e-02   1.1360407e-02
  -3.3270100e-02   9.7160567e-03
  -2.9777633e-02   7.8207676e-03
  -2.5970952e-02   5.6063353e-03
  -2.1997773e-02   3.1602351e-03
  -1.7820880e-02   4.4037777e-04
  -1.3256055e-02  -2.7951450e-03
  -8.3533557e-03  -6.4179437e-03
  -3.4173222e-03  -1.0195207e-02
   1.4567537e-03  -1.4107347e-02
   6.2341612e-03  -1.8295384e-02
   1.0846227e-02  -2.2648676e-02
   1.5124876e-02  -2.7010384e-02
   1.8984985e-02  -3.1311141e-02
   2.2188786e-02  -3.5524121e-02
   2.4840873e-02  -3.9626722e-02
   2.6640938e-02  -4.3490930e-02
   2.7701578e-02  -4.7211875e-02
   2.7992978e-02  -5.0719163e-02
   2.7682815e-02  -5.4019268e-02
   2.6572529e-02  -5.7136618e-02
   2.4547046e-02  -5.9938795e-02
   2.1848367e-02  -6.2434536e-02
   1.8709894e-02  -6.4880004e-02
   1.5173636e-02  -6.7173438e-02
   1.1078855e-02  -6.9253767e-02
   6.6829687e-03  -7.1191717e-02
   2.1355597e-03  -7.3086229e-02
  -2.4095863e-03  -7.4967931e-02
  -6.9006584e-03  -7.6841967e-02
  -1.1373091e-02  -7.8726869e-02
  -1.5672246e-02  -8.0698012e-02
  -1.9697556e-02  -8.2560729e-02
  -2.4268942e-02  -8.4660622e-02
  -2.8456018e-02  -8.6477441e-02
  -3.2563293e-02  -8.8103109e-02
  -3.6254546e-02  -8.9581343e-02
  -3.8906792e-02  -9.0984956e-02
  -4.1500981e-02  -9.2608723e-02
  -4.2957746e-02  -9.3986637e-02
   7.9107981e-02   3.8307350e-02
   7.7609157e-02   3.8630736e-02
   7.5739235e-02   3.9458420e-02
   7.2914853e-02   4.0582033e-02
   6.7724777e-02   4.2676534e-02
   6.1854312e-02   4.5346568e-02
   5.6631122e-02   4.7810150e-02
   5.1347298e-02   5.0337796e-02
   4.6535288e-02   5.2577862e-02
   4.1525544e-02   5.4952701e-02
   3.6302261e-02   5.7385312e-02
   3.0980488e-02   5.9849298e-02
   2.5428675e-02   6.2417424e-02
   1.9841788e-02   6.4986362e-02
   1.4714975e-02   6.7367372e-02
   9.9830845e-03   6.9551263e-02
   5.5436645e-03   7.1464581e-02
   1.4870586e-03   7.3056650e-02
  -2.2209825e-03   7.4180576e-02
  -5.9539784e-03   7.4902971e-02
  -9.5145075e-03   7.5366563e-02
  -1.2674507e-02   7.5556344e-02
  -1.5562574e-02   7.5312187e-02
  -1.8056528e-02   7.4707793e-02
  -2.0377135e-02   7.3676523e-02
  -2.2551165e-02   7.2361701e-02
  -2.4613653e-02   7.0767926e-02
  -2.6426742e-02   6.8695042e-02
  -2.8137525e-02   6.6513569e-02
  -2.9934623e-02   6.4203610e-02
  -3.1668795e-02   6.1539206e-02
  -3.3388458e-02   5.8709252e-02
  -3.5100443e-02   5.5766199e-02
  -3.6838738e-02   5.2713564e-02
  -3.8539239e-02   4.9794431e-02
  -4.0339475e-02   4.6803692e-02
  -4.2201871e-02   4.3768670e-02
  -4.3993222e-02   4.0905199e-02
  -4.5784663e-02   3.8036328e-02
  -4.7761015e-02   3.5249814e-02
  -4.9690736e-02   3.2511309e-02
  -5.1502132e-02   2.9860116e-02
  -5.2996600e-02   2.7390946e-02
  -5.4333648e-02   2.4904246e-02
  -5.5028598e-02   2.2227280e-02
  -5.4924407e-02   1.9483387e-02
  -5.4342054e-02   1.6703205e-02
  -5.3467554e-02   1.4019951e-02
  -5.2133683e-02   1.1358496e-02
  -5.0376955e-02   8.6805535e-03
  -4.8303606e-02   6.0598556e-03
  -4.5967555e-02   3.4271392e-03
  -4.3359928e-02   6.5686687e-04
  -4.0641751e-02  -1.9995468e-03
  -3.7401606e-02  -4.5730865e-03
  -3.3673844e-02  -7.1867054e-03
  -2.9684527e-02  -9.8922108e-03
  -2.5749427e-02  -1.2504035e-02
  -2.1713870e-02  -1.5239316e-02
  -1.8063494e-02  -1.7822533e-02
  -1.4888342e-02  -2.0227789e-02
  -1.1868814e-02  -2.2648295e-02
  -8.8907080e-03  -2.5171344e-02
  -6.0945021e-03  -2.7689400e-02
  -3.4201722e-03  -3.0306744e-02
  -8.8790872e-04  -3.2898128e-02
   1.4883589e-03  -3.5411147e-02
   3.6395003e-03  -3.7792422e-02
   5.7449320e-03  -4.0252080e-02
   7.5105010e-03  -4.2716663e-02
   8.7892905e-03  -4.5104890e-02
   9.6337760e-03  -4.7564735e-02
   1.0216254e-02  -5.0075297e-02
   1.0336038e-02  -5.2579832e-02
   1.0045562e-02  -5.5077133e-02
   9.4701454e-03  -5.7384866e-02
   8.5405261e-03  -5.9526272e-02
   7.2996621e-03  -6.1455052e-02
   5.5911366e-03  -6.3294695e-02
   3.6512374e-03  -6.4853170e-02
   1.4597890e-03  -6.6496534e-02
  -8.2553245e-04  -6.8309171e-02
  -3.2112017e-03  -7.0187819e-02
  -5.6875946e-03  -7.2007249e-02
  -8.2729200e-03  -7.3877458e-02
  -1.0904986e-02  -7.5718409e-02
  -1.3409913e-02  -7.7375133e-02
  -1.5874332e-02  -7.9022888e-02
  -1.8170152e-02  -8.0534906e-02
  -2.0428918e-02  -8.1904905e-02
  -2.2791545e-02  -8.3330927e-02
  -2.5454466e-02  -8.4762356e-02
  -2.8137032e-02  -8.6223738e-02
  -3.0289702e-02  -8.7958311e-02
  -3.2456133e-02  -8.9354534e-02
  -3.4929535e-02  -9.0561116e-02
  -3.7214625e-02  -9.1487580e-02
  -4.0255237e-02  -9.2321217e-02
  -4.4530040e-02  -9.3258560e-02
  -4.8591549e-02  -9.3986637e-02
